       1       835      3244
       2      1340      4018
       3      1914      4736
       4      2536      5447
       5      3101      6112
       6      3636      6734
       7      4177      7339
       8      4753      7962
       9      5305      8574
      10      5854      9191
      11      6426      9803
      12      6935     10369
      13      7475     10976
      14      8015     11578
      15      8542     12133
      16      9103     12735
      17      9645     13335
      18     10217     13959
      19     10743     14545
      20     11289     15123
      21     11799     15681
      22     12325     16252
      23     12865     16845
      24     13422     17434
      25     13980     18022
      26     14507     18581
      27     15044     19162
      28     15597     19751
      29     16117     20332
      30     16630     20833
      31     17174     21422
      32     17700     21946
      33     18235     22521
      34     18746     23046
      35     19243     23571
      36     19758     24078
      37     20226     24580
      38     20741     25088
      39     21170     25575
      40     21624     26050
      41     22050     26459
      42     22557     26960
      43     23063     27464
      44     23513     27958
      45     23975     28410
      46     24404     28873
      47     24811     29302
      48     25241     29730
      49     25714     30216
      50     26168     30697
      51     26608     31141
      52     27059     31607
      53     27475     32016
      54     27857     32424
      55     28308     32869
      56     28734     33325
      57     29151     33746
      58     29558     34164
      59     29986     34573
      60     30394     35004
      61     30744     35336
      62     31101     35722
      63     31524     36141
      64     31973     36600
      65     32401     37019
      66     32744     37370
      67     33129     37784
      68     33511     38170
      69     33832     38516
      70     34180     38901
      71     34556     39256
      72     34908     39574
      73     35238     39935
      74     35620     40313
      75     35936     40649
      76     36281     40992
      77     36668     41390
      78     37000     41727
      79     37383     42095
      80     37708     42441
      81     38071     42790
      82     38372     43101
      83     38692     43430
      84     38967     43712
      85     39268     44034
      86     39589     44319
      87     39886     44623
      88     40166     44929
      89     40496     45246
      90     40787     45542
      91     41110     45889
      92     41430     46204
      93     41769     46551
      94     42087     46865
      95     42390     47184
      96     42670     47469
      97     42938     47758
      98     43227     48043
      99     43543     48320
     100     43822     48618
     101     44131     48925
     102     44467     49263
     103     44771     49587
     104     45040     49836
     105     45286     50123
     106     45542     50347
     107     45850     50629
     108     46131     50946
     109     46389     51207
     110     46663     51506
     111     46911     51761
     112     47182     52027
     113     47444     52303
     114     47680     52533
     115     47884     52779
     116     48151     53055
     117     48438     53326
     118     48720     53559
     119     48979     53836
     120     49208     54079
     121     49453     54296
     122     49714     54587
     123     49932     54828
     124     50209     55086
     125     50416     55291
     126     50661     55558
     127     50955     55836
     128     51197     56087
     129     51460     56351
     130     51677     56560
     131     51874     56827
     132     52151     57080
     133     52391     57317
     134     52629     57516
     135     52849     57740
     136     53084     57995
     137     53333     58250
     138     53602     58535
     139     53850     58769
     140     54119     59042
     141     54374     59315
     142     54594     59552
     143     54873     59819
     144     55125     60066
     145     55331     60297
     146     55573     60533
     147     55783     60753
     148     56025     60985
     149     56218     61213
     150     56469     61415
     151     56702     61617
     152     56904     61844
     153     57102     62078
     154     57357     62334
     155     57558     62526
     156     57724     62706
     157     57956     62941
     158     58163     63130
     159     58399     63365
     160     58611     63577
     161     58831     63773
     162     59033     63988
     163     59217     64196
     164     59435     64423
     165     59681     64657
     166     59861     64888
     167     60100     65119
     168     60330     65322
     169     60544     65546
     170     60774     65751
     171     60918     65911
     172     61115     66137
     173     61281     66307
     174     61460     66502
     175     61624     66666
     176     61806     66839
     177     62000     67045
     178     62243     67248
     179     62410     67444
     180     62614     67632
     181     62811     67833
     182     62995     68013
     183     63197     68235
     184     63352     68387
     185     63506     68544
     186     63660     68703
     187     63836     68867
     188     64043     69042
     189     64212     69266
     190     64398     69450
     191     64578     69588
     192     64738     69772
     193     64901     69942
     194     65096     70136
     195     65235     70295
     196     65396     70465
     197     65540     70614
     198     65692     70759
     199     65848     70914
     200     66010     71105
     201     66191     71244
     202     66352     71421
     203     66507     71598
     204     66647     71746
     205     66821     71909
     206     66983     72057
     207     67145     72236
     208     67296     72376
     209     67440     72495
     210     67603     72687
     211     67788     72837
     212     67931     72994
     213     68049     73127
     214     68270     73383
     215     68451     73515
     216     68544     73611
     217     68694     73760
     218     68806     73907
     219     68991     74079
     220     69169     74258
     221     69315     74384
     222     69471     74568
     223     69575     74680
     224     69700     74800
     225     69854     74974
     226     70031     75130
     227     70186     75287
     228     70304     75436
     229     70526     75631
     230     70618     75763
     231     70760     75878
     232     70852     75995
     233     70987     76129
     234     71153     76305
     235     71287     76426
     236     71431     76544
     237     71570     76705
     238     71685     76857
     239     71861     76989
     240     71938     77054
     241     72107     77214
     242     72252     77338
     243     72375     77520
     244     72493     77661
     245     72641     77774
     246     72711     77857
     247     72874     78008
     248     72994     78120
     249     73172     78336
     250     73319     78450
     251     73433     78567
     252     73543     78685
     253     73648     78814
     254     73750     78908
     255     73887     79001
     256     74019     79184
     257     74148     79322
     258     74293     79465
     259     74412     79577
     260     74533     79666
     261     74659     79814
     262     74795     79929
     263     74931     80077
     264     75076     80233
     265     75172     80324
     266     75309     80438
     267     75439     80533
     268     75504     80645
     269     75614     80771
     270     75765     80905
     271     75863     80995
     272     76028     81185
     273     76195     81341
     274     76266     81438
     275     76376     81549
     276     76492     81686
     277     76592     81776
     278     76798     81980
     279     76927     82091
     280     77032     82191
     281     77161     82314
     282     77249     82405
     283     77349     82522
     284     77452     82626
     285     77558     82718
     286     77681     82869
     287     77812     83009
     288     77983     83146
     289     78080     83216
     290     78177     83348
     291     78260     83460
     292     78411     83609
     293     78556     83754
     294     78657     83834
     295     78759     83940
     296     78820     84021
     297     78913     84131
     298     78982     84173
     299     79038     84239
     300     79163     84366
     301     79301     84509
     302     79456     84668
     303     79576     84757
     304     79663     84866
     305     79789     84997
     306     79893     85107
     307     79999     85199
     308     80087     85298
     309     80223     85440
     310     80301     85493
     311     80432     85629
     312     80518     85702
     313     80622     85825
     314     80736     85909
     315     80801     86013
     316     80932     86146
     317     81030     86244
     318     81103     86336
     319     81199     86406
     320     81291     86527
     321     81374     86573
     322     81470     86684
     323     81569     86765
     324     81674     86865
     325     81796     87003
     326     81884     87096
     327     81937     87165
     328     82000     87261
     329     82121     87386
     330     82240     87453
     331     82312     87544
     332     82435     87646
     333     82493     87713
     334     82586     87823
     335     82638     87889
     336     82736     87986
     337     82855     88086
     338     82977     88187
     339     83043     88278
     340     83153     88388
     341     83230     88447
     342     83272     88488
     343     83386     88599
     344     83486     88734
     345     83541     88797
     346     83600     88834
     347     83665     88922
     348     83756     89003
     349     83859     89108
     350     83968     89226
     351     84039     89270
     352     84138     89353
     353     84167     89423
     354     84245     89509
     355     84315     89559
     356     84392     89648
     357     84499     89727
     358     84554     89803
     359     84677     89916
     360     84760     90002
     361     84801     90091
     362     84877     90124
     363     84995     90244
     364     85086     90321
     365     85153     90375
     366     85224     90461
     367     85274     90507
     368     85361     90606
     369     85438     90683
     370     85508     90753
     371     85620     90876
     372     85687     90930
     373     85707     90963
     374     85793     91068
     375     85894     91164
     376     85928     91177
     377     85979     91209
     378     86108     91346
     379     86203     91442
     380     86276     91557
     381     86348     91593
     382     86392     91622
     383     86446     91682
     384     86527     91776
     385     86593     91869
     386     86638     91930
     387     86722     91966
     388     86747     92006
     389     86843     92107
     390     86901     92192
     391     87000     92288
     392     87021     92330
     393     87046     92322
     394     87118     92380
     395     87217     92489
     396     87290     92548
     397     87357     92617
     398     87457     92723
     399     87548     92811
     400     87623     92894
     401     87726     92989
     402     87812     93088
     403     87873     93144
     404     87953     93221
     405     88012     93301
     406     88079     93370
     407     88113     93409
     408     88220     93524
     409     88270     93539
     410     88393     93670
     411     88447     93678
     412     88513     93793
     413     88596     93862
     414     88671     93932
     415     88746     94011
     416     88796     94081
     417     88908     94173
     418     88987     94272
     419     89061     94333
     420     89129     94412
     421     89206     94489
     422     89297     94604
     423     89362     94617
     424     89410     94655
     425     89479     94760
     426     89565     94818
     427     89607     94875
     428     89718     95005
     429     89724     95040
     430     89775     95074
     431     89823     95108
     432     89870     95159
     433     89975     95238
     434     90038     95324
     435     90099     95360
     436     90122     95418
     437     90230     95493
     438     90256     95548
     439     90314     95599
     440     90425     95709
     441     90462     95757
     442     90488     95814
     443     90535     95875
     444     90624     95955
     445     90719     96039
     446     90763     96057
     447     90816     96126
     448     90880     96143
     449     90915     96212
     450     90992     96277
     451     91066     96371
     452     91163     96470
     453     91216     96518
     454     91292     96610
     455     91361     96682
     456     91414     96731
     457     91473     96791
     458     91511     96840
     459     91597     96888
     460     91657     96965
     461     91756     97042
     462     91800     97080
     463     91823     97151
     464     91871     97164
     465     91934     97250
     466     91984     97305
     467     92063     97340
     468     92133     97424
     469     92150     97464
     470     92218     97529
     471     92270     97610
     472     92361     97705
     473     92456     97752
     474     92464     97761
     475     92525     97807
     476     92562     97872
     477     92617     97948
     478     92656     97940
     479     92746     98064
     480     92829     98148
     481     92873     98168
     482     92930     98279
     483     93002     98337
     484     93095     98439
     485     93138     98479
     486     93213     98531
     487     93287     98593
     488     93343     98658
     489     93401     98724
     490     93422     98710
     491     93422     98737
     492     93461     98708
     493     93503     98790
     494     93515     98825
     495     93595     98897
     496     93642     98985
     497     93728     99034
     498     93728     99048
     499     93811     99110
     500     93830     99140
     501     93860     99190
     502     93934     99264
     503     93961     99276
     504     94037     99316
     505     94092     99398
     506     94138     99477
     507     94155     99519
     508     94248     99579
     509     94255     99633
     510     94291     99631
     511     94365     99697
     512     94404     99733
     513     94477     99805
     514     94572     99889
     515     94622     99970
     516     94680    100035
     517     94749    100065
     518     94791    100114
     519     94850    100160
     520     94922    100224
     521     95000    100311
     522     95091    100387
     523     95148    100447
     524     95208    100521
     525     95228    100562
     526     95251    100588
     527     95343    100689
     528     95402    100726
     529     95453    100779
     530     95516    100869
     531     95524    100864
     532     95596    100905
     533     95601    100938
     534     95623    100925
     535     95663    100991
     536     95718    101054
     537     95794    101119
     538     95813    101142
     539     95862    101196
     540     95897    101218
     541     95947    101308
     542     95987    101308
     543     96006    101332
     544     96043    101376
     545     96041    101388
     546     96085    101434
     547     96139    101444
     548     96202    101510
     549     96273    101571
     550     96296    101626
     551     96379    101756
     552     96473    101839
     553     96510    101859
     554     96579    101953
     555     96574    101939
     556     96567    101914
     557     96586    101919
     558     96622    101975
     559     96687    102056
     560     96734    102100
     561     96753    102118
     562     96801    102152
     563     96871    102205
     564     96878    102223
     565     96922    102285
     566     96919    102290
     567     97014    102356
     568     97060    102393
     569     97067    102422
     570     97116    102449
     571     97140    102494
     572     97152    102503
     573     97202    102527
     574     97258    102593
     575     97329    102655
     576     97354    102686
     577     97391    102744
     578     97442    102781
     579     97495    102829
     580     97537    102898
     581     97612    102954
     582     97654    103004
     583     97684    103058
     584     97708    103058
     585     97790    103134
     586     97815    103181
     587     97872    103227
     588     97905    103255
     589     97967    103341
     590     97993    103357
     591     98029    103375
     592     98068    103406
     593     98085    103405
     594     98143    103504
     595     98203    103560
     596     98170    103531
     597     98284    103646
     598     98295    103624
     599     98363    103676
     600     98374    103726
     601     98383    103722
     602     98466    103823
     603     98540    103891
     604     98575    103925
     605     98556    103911
     606     98607    103955
     607     98648    103983
     608     98702    104038
     609     98763    104135
     610     98793    104167
     611     98866    104221
     612     98840    104211
     613     98887    104234
     614     98918    104250
     615     99000    104351
     616     99002    104361
     617     99025    104385
     618     99076    104427
     619     99160    104497
     620     99144    104503
     621     99159    104519
     622     99189    104574
     623     99236    104597
     624     99224    104620
     625     99280    104663
     626     99324    104705
     627     99358    104706
     628     99370    104733
     629     99384    104762
     630     99406    104780
     631     99445    104777
     632     99468    104822
     633     99466    104842
     634     99525    104874
     635     99547    104868
     636     99600    104928
     637     99687    105023
     638     99706    105061
     639     99727    105070
     640     99730    105081
     641     99769    105117
     642     99796    105163
     643     99833    105223
     644     99938    105282
     645     99970    105311
     646    100021    105369
     647    100058    105398
     648    100070    105420
     649    100133    105497
     650    100142    105530
     651    100182    105526
     652    100205    105574
     653    100261    105591
     654    100318    105683
     655    100380    105741
     656    100417    105780
     657    100423    105789
     658    100438    105838
     659    100462    105845
     660    100488    105879
     661    100547    105913
     662    100586    105929
     663    100582    105948
     664    100610    105986
     665    100654    106006
     666    100676    106063
     667    100670    106030
     668    100675    106046
     669    100719    106103
     670    100764    106135
     671    100788    106165
     672    100807    106181
     673    100824    106204
     674    100859    106244
     675    100894    106283
     676    100964    106353
     677    100985    106342
     678    100997    106403
     679    100988    106400
     680    100979    106351
     681    100985    106334
     682    101002    106359
     683    101050    106410
     684    101103    106435
     685    101085    106467
     686    101138    106513
     687    101156    106530
     688    101163    106540
     689    101185    106569
     690    101238    106642
     691    101261    106666
     692    101260    106659
     693    101247    106632
     694    101282    106655
     695    101290    106665
     696    101250    106664
     697    101314    106678
     698    101354    106716
     699    101346    106727
     700    101364    106761
     701    101399    106780
     702    101405    106781
     703    101436    106787
     704    101500    106831
     705    101512    106887
     706    101533    106877
     707    101525    106918
     708    101574    106948
     709    101620    106993
     710    101606    107003
     711    101669    107026
     712    101648    107039
     713    101647    107039
     714    101673    107070
     715    101732    107106
     716    101743    107114
     717    101796    107180
     718    101826    107199
     719    101830    107242
     720    101857    107245
     721    101934    107306
     722    101981    107374
     723    102025    107424
     724    102036    107431
     725    102069    107416
     726    102094    107471
     727    102133    107527
     728    102147    107532
     729    102167    107557
     730    102208    107601
     731    102246    107635
     732    102238    107629
     733    102300    107706
     734    102341    107740
     735    102397    107758
     736    102413    107779
     737    102422    107779
     738    102443    107787
     739    102456    107837
     740    102470    107871
     741    102423    107796
     742    102458    107821
     743    102508    107875
     744    102563    107924
     745    102534    107912
     746    102561    107921
     747    102558    107962
     748    102583    108006
     749    102590    107999
     750    102605    107982
     751    102622    108011
     752    102661    108055
     753    102659    108036
     754    102679    108082
     755    102708    108100
     756    102758    108158
     757    102766    108143
     758    102816    108155
     759    102852    108191
     760    102847    108225
     761    102832    108232
     762    102841    108253
     763    102840    108257
     764    102864    108279
     765    102878    108275
     766    102918    108342
     767    102952    108326
     768    102900    108311
     769    102946    108332
     770    102925    108324
     771    102941    108353
     772    102973    108381
     773    102988    108401
     774    102960    108364
     775    102936    108354
     776    102970    108364
     777    103024    108412
     778    103038    108445
     779    103018    108422
     780    103028    108457
     781    103012    108418
     782    102997    108411
     783    103041    108421
     784    103055    108430
     785    103107    108501
     786    103106    108498
     787    103112    108488
     788    103079    108480
     789    103074    108467
     790    103133    108517
     791    103142    108534
     792    103155    108550
     793    103142    108562
     794    103101    108526
     795    103173    108559
     796    103146    108541
     797    103178    108602
     798    103185    108611
     799    103221    108645
     800    103258    108683
     801    103267    108658
     802    103243    108654
     803    103289    108662
     804    103294    108697
     805    103328    108712
     806    103331    108719
     807    103312    108702
     808    103321    108752
     809    103360    108768
     810    103409    108824
     811    103429    108872
     812    103456    108838
     813    103449    108847
     814    103454    108841
     815    103483    108863
     816    103556    108924
     817    103540    108936
     818    103528    108910
     819    103547    108949
     820    103557    108957
     821    103577    109015
     822    103591    109012
     823    103582    108985
     824    103640    109037
     825    103614    108971
     826    103660    109039
     827    103726    109103
     828    103755    109123
     829    103759    109116
     830    103759    109171
     831    103829    109217
     832    103837    109252
     833    103872    109296
     834    103916    109316
     835    103959    109368
     836    103969    109371
     837    103977    109377
     838    103985    109382
     839    103949    109364
     840    104005    109375
     841    103999    109408
     842    104061    109454
     843    104051    109425
     844    104070    109442
     845    104105    109459
     846    104067    109453
     847    104081    109443
     848    104079    109468
     849    104069    109484
     850    104087    109493
     851    104065    109475
     852    104075    109489
     853    104049    109475
     854    104078    109491
     855    104104    109521
     856    104073    109479
     857    104101    109521
     858    104096    109538
     859    104127    109522
     860    104088    109467
     861    104080    109490
     862    104109    109500
     863    104131    109506
     864    104128    109530
     865    104150    109546
     866    104175    109582
     867    104217    109612
     868    104227    109628
     869    104258    109667
     870    104258    109674
     871    104274    109659
     872    104289    109720
     873    104360    109779
     874    104320    109758
     875    104385    109788
     876    104421    109816
     877    104445    109875
     878    104423    109820
     879    104432    109868
     880    104455    109897
     881    104486    109900
     882    104489    109875
     883    104484    109908
     884    104494    109902
     885    104500    109933
     886    104487    109935
     887    104516    109953
     888    104574    110002
     889    104561    109969
     890    104551    109942
     891    104535    109928
     892    104580    109997
     893    104627    110021
     894    104651    110037
     895    104681    110074
     896    104674    110074
     897    104654    110066
     898    104667    110018
     899    104645    110028
     900    104627    110031
     901    104695    110104
     902    104711    110103
     903    104689    110084
     904    104732    110123
     905    104731    110160
     906    104772    110186
     907    104784    110187
     908    104788    110169
     909    104778    110171
     910    104786    110153
     911    104776    110175
     912    104811    110194
     913    104798    110217
     914    104771    110168
     915    104788    110195
     916    104773    110171
     917    104764    110172
     918    104762    110168
     919    104758    110155
     920    104797    110187
     921    104785    110205
     922    104826    110253
     923    104853    110297
     924    104833    110216
     925    104852    110240
     926    104872    110294
     927    104863    110276
     928    104881    110320
     929    104924    110348
     930    104957    110385
     931    104952    110413
     932    104986    110431
     933    105029    110490
     934    105030    110442
     935    104990    110420
     936    105018    110424
     937    105039    110432
     938    105047    110452
     939    105047    110454
     940    105059    110460
     941    105088    110495
     942    105142    110573
     943    105171    110618
     944    105223    110639
     945    105185    110566
     946    105242    110655
     947    105258    110640
     948    105315    110712
     949    105287    110686
     950    105258    110649
     951    105259    110650
     952    105280    110674
     953    105283    110679
     954    105290    110693
     955    105302    110732
     956    105290    110724
     957    105316    110714
     958    105363    110717
     959    105388    110775
     960    105386    110815
     961    105372    110763
     962    105407    110806
     963    105383    110798
     964    105391    110802
     965    105425    110817
     966    105426    110872
     967    105456    110848
     968    105434    110853
     969    105467    110845
     970    105406    110821
     971    105429    110852
     972    105477    110906
     973    105487    110911
     974    105518    110921
     975    105550    110950
     976    105527    110914
     977    105517    110910
     978    105549    110959
     979    105554    110969
     980    105584    111004
     981    105600    111036
     982    105625    111048
     983    105667    111099
     984    105643    111086
     985    105690    111152
     986    105711    111138
     987    105704    111128
     988    105750    111166
     989    105741    111200
     990    105751    111220
     991    105738    111194
     992    105765    111186
     993    105757    111177
     994    105774    111164
     995    105789    111193
     996    105816    111213
     997    105789    111221
     998    105801    111206
     999    105822    111221
    1000    105854    111223
    1001    105847    111270
    1002    105884    111306
    1003    105892    111323
    1004    105941    111347
    1005    105899    111326
    1006    105938    111374
    1007    105918    111346
    1008    105917    111318
    1009    105881    111296
    1010    105866    111277
    1011    105874    111278
    1012    105844    111270
    1013    105903    111304
    1014    105889    111286
    1015    105894    111274
    1016    105902    111310
    1017    105914    111288
    1018    105901    111287
    1019    105916    111318
    1020    105908    111288
    1021    105922    111319
    1022    105935    111313
    1023    105993    111393
    1024    105989    111406
    1025    106013    111419
    1026    106008    111413
    1027    105996    111400
    1028    105983    111378
    1029    105962    111367
    1030    105964    111417
    1031    105950    111375
    1032    106012    111463
    1033    106036    111451
    1034    106016    111441
    1035    106032    111451
    1036    106088    111474
    1037    106076    111486
    1038    106092    111507
    1039    106114    111498
    1040    106147    111509
    1041    106122    111530
    1042    106122    111549
    1043    106121    111546
    1044    106190    111604
    1045    106192    111614
    1046    106200    111624
    1047    106220    111624
    1048    106191    111589
    1049    106180    111585
    1050    106182    111562
    1051    106200    111597
    1052    106185    111594
    1053    106185    111617
    1054    106219    111639
    1055    106211    111621
    1056    106302    111702
    1057    106289    111683
    1058    106303    111744
    1059    106286    111717
    1060    106238    111639
    1061    106240    111648
    1062    106224    111633
    1063    106262    111660
    1064    106284    111698
    1065    106257    111677
    1066    106247    111643
    1067    106276    111693
    1068    106288    111713
    1069    106288    111699
    1070    106282    111703
    1071    106304    111733
    1072    106303    111732
    1073    106304    111739
    1074    106344    111764
    1075    106335    111734
    1076    106391    111797
    1077    106346    111802
    1078    106333    111788
    1079    106377    111795
    1080    106391    111791
    1081    106428    111826
    1082    106411    111790
    1083    106429    111827
    1084    106475    111879
    1085    106460    111902
    1086    106480    111912
    1087    106497    111922
    1088    106546    111936
    1089    106557    111966
    1090    106555    111995
    1091    106576    112017
    1092    106570    111979
    1093    106586    112038
    1094    106651    112086
    1095    106697    112123
    1096    106700    112124
    1097    106747    112171
    1098    106732    112140
    1099    106707    112123
    1100    106697    112064
    1101    106704    112104
    1102    106709    112116
    1103    106742    112120
    1104    106734    112168
    1105    106731    112124
    1106    106808    112196
    1107    106800    112215
    1108    106803    112216
    1109    106852    112270
    1110    106872    112322
    1111    106882    112319
    1112    106860    112284
    1113    106871    112272
    1114    106902    112314
    1115    106914    112341
    1116    106925    112366
    1117    106888    112290
    1118    106872    112290
    1119    106912    112324
    1120    106927    112350
    1121    106875    112322
    1122    106883    112281
    1123    106915    112310
    1124    106924    112343
    1125    106941    112360
    1126    106969    112367
    1127    107011    112439
    1128    107029    112478
    1129    107026    112441
    1130    107018    112459
    1131    107011    112463
    1132    107106    112494
    1133    107134    112525
    1134    107138    112511
    1135    107133    112537
    1136    107122    112531
    1137    107087    112509
    1138    107107    112535
    1139    107121    112537
    1140    107082    112510
    1141    107067    112462
    1142    107108    112489
    1143    107062    112479
    1144    107054    112457
    1145    107098    112508
    1146    107046    112462
    1147    107073    112477
    1148    107068    112500
    1149    107063    112468
    1150    107075    112483
    1151    107080    112491
    1152    107129    112556
    1153    107102    112544
    1154    107090    112518
    1155    107092    112506
    1156    107146    112542
    1157    107100    112556
    1158    107081    112507
    1159    107050    112488
    1160    107088    112521
    1161    107125    112544
    1162    107123    112536
    1163    107078    112522
    1164    107077    112509
    1165    107096    112514
    1166    107119    112533
    1167    107095    112519
    1168    107107    112506
    1169    107074    112489
    1170    107088    112482
    1171    107052    112484
    1172    107049    112470
    1173    107079    112483
    1174    107107    112543
    1175    107083    112514
    1176    107054    112465
    1177    107072    112502
    1178    107059    112493
    1179    107036    112442
    1180    107057    112479
    1181    107020    112442
    1182    107023    112445
    1183    107070    112480
    1184    107084    112503
    1185    107036    112459
    1186    107091    112486
    1187    107092    112496
    1188    107034    112442
    1189    107011    112408
    1190    106977    112389
    1191    106943    112352
    1192    106965    112360
    1193    106965    112351
    1194    106965    112385
    1195    106961    112408
    1196    106958    112402
    1197    106967    112395
    1198    106976    112386
    1199    106952    112370
    1200    106977    112401
    1201    106983    112408
    1202    107010    112461
    1203    107020    112406
    1204    106994    112411
    1205    107006    112394
    1206    107000    112407
    1207    107018    112430
    1208    107038    112417
    1209    107029    112420
    1210    107025    112450
    1211    107040    112424
    1212    107005    112427
    1213    107004    112436
    1214    107036    112445
    1215    107068    112514
    1216    107084    112486
    1217    107118    112519
    1218    107110    112536
    1219    107100    112501
    1220    107105    112525
    1221    107105    112540
    1222    107039    112478
    1223    107069    112497
    1224    107079    112488
    1225    107088    112488
    1226    107115    112502
    1227    107112    112508
    1228    107111    112539
    1229    107190    112587
    1230    107161    112602
    1231    107193    112619
    1232    107209    112649
    1233    107217    112639
    1234    107207    112626
    1235    107207    112655
    1236    107263    112665
    1237    107258    112654
    1238    107225    112653
    1239    107242    112687
    1240    107243    112699
    1241    107266    112688
    1242    107270    112696
    1243    107306    112728
    1244    107285    112680
    1245    107246    112646
    1246    107270    112674
    1247    107266    112674
    1248    107216    112651
    1249    107220    112633
    1250    107242    112622
    1251    107239    112627
    1252    107204    112633
    1253    107183    112599
    1254    107205    112631
    1255    107204    112641
    1256    107209    112645
    1257    107193    112625
    1258    107171    112619
    1259    107156    112562
    1260    107171    112584
    1261    107170    112615
    1262    107180    112586
    1263    107174    112598
    1264    107204    112644
    1265    107227    112662
    1266    107249    112635
    1267    107287    112682
    1268    107291    112683
    1269    107285    112704
    1270    107303    112729
    1271    107290    112740
    1272    107232    112688
    1273    107274    112707
    1274    107264    112717
    1275    107285    112734
    1276    107314    112739
    1277    107323    112751
    1278    107315    112763
    1279    107320    112762
    1280    107371    112776
    1281    107338    112741
    1282    107360    112785
    1283    107346    112745
    1284    107366    112807
    1285    107359    112795
    1286    107346    112767
    1287    107369    112778
    1288    107343    112779
    1289    107345    112791
    1290    107328    112788
    1291    107317    112735
    1292    107309    112738
    1293    107322    112745
    1294    107346    112775
    1295    107343    112768
    1296    107351    112747
    1297    107342    112751
    1298    107364    112748
    1299    107390    112807
    1300    107414    112829
    1301    107431    112814
    1302    107408    112830
    1303    107445    112859
    1304    107434    112840
    1305    107450    112868
    1306    107440    112886
    1307    107437    112878
    1308    107473    112908
    1309    107528    112930
    1310    107550    112947
    1311    107559    112960
    1312    107544    112953
    1313    107551    112928
    1314    107569    112967
    1315    107572    112989
    1316    107554    112970
    1317    107508    112929
    1318    107509    112952
    1319    107558    112984
    1320    107538    112976
    1321    107518    112960
    1322    107553    112965
    1323    107536    112952
    1324    107525    112953
    1325    107501    112944
    1326    107548    112986
    1327    107565    113003
    1328    107534    112991
    1329    107560    112980
    1330    107581    112988
    1331    107582    113001
    1332    107592    112995
    1333    107572    113005
    1334    107571    112990
    1335    107539    112939
    1336    107562    112968
    1337    107598    113010
    1338    107596    113032
    1339    107613    113027
    1340    107643    113054
    1341    107588    113004
    1342    107556    112979
    1343    107566    113006
    1344    107574    112978
    1345    107583    113007
    1346    107625    113047
    1347    107607    113024
    1348    107593    112987
    1349    107581    112992
    1350    107579    113022
    1351    107561    113012
    1352    107565    112982
    1353    107537    112962
    1354    107529    112928
    1355    107558    112965
    1356    107497    112947
    1357    107495    112945
    1358    107500    112936
    1359    107490    112924
    1360    107537    112962
    1361    107528    112935
    1362    107517    112926
    1363    107509    112963
    1364    107529    112975
    1365    107561    112980
    1366    107554    112987
    1367    107534    112985
    1368    107546    112972
    1369    107589    113018
    1370    107553    112986
    1371    107564    113003
    1372    107546    112996
    1373    107485    112919
    1374    107470    112926
    1375    107449    112913
    1376    107473    112899
    1377    107490    112942
    1378    107495    112944
    1379    107471    112907
    1380    107470    112893
    1381    107462    112920
    1382    107441    112881
    1383    107397    112851
    1384    107407    112826
    1385    107427    112862
    1386    107431    112857
    1387    107418    112845
    1388    107469    112932
    1389    107472    112939
    1390    107500    112964
    1391    107512    112948
    1392    107494    112920
    1393    107478    112904
    1394    107487    112915
    1395    107498    112921
    1396    107526    112950
    1397    107558    112982
    1398    107552    112976
    1399    107593    113011
    1400    107578    113023
    1401    107577    113000
    1402    107579    113019
    1403    107555    112963
    1404    107586    112997
    1405    107598    113027
    1406    107582    113003
    1407    107592    112990
    1408    107604    113030
    1409    107620    113058
    1410    107592    113015
    1411    107576    112983
    1412    107588    113025
    1413    107609    113042
    1414    107627    113056
    1415    107640    113045
    1416    107645    113055
    1417    107616    113048
    1418    107628    113052
    1419    107631    113046
    1420    107635    113094
    1421    107687    113109
    1422    107681    113116
    1423    107659    113101
    1424    107683    113118
    1425    107715    113141
    1426    107717    113170
    1427    107731    113181
    1428    107726    113174
    1429    107696    113105
    1430    107722    113140
    1431    107736    113146
    1432    107758    113153
    1433    107797    113173
    1434    107757    113144
    1435    107762    113155
    1436    107772    113175
    1437    107814    113203
    1438    107792    113236
    1439    107780    113215
    1440    107776    113203
    1441    107765    113228
    1442    107745    113206
    1443    107725    113161
    1444    107744    113163
    1445    107767    113190
    1446    107776    113228
    1447    107783    113236
    1448    107797    113247
    1449    107776    113219
    1450    107800    113220
    1451    107827    113239
    1452    107808    113223
    1453    107852    113262
    1454    107882    113322
    1455    107897    113345
    1456    107892    113371
    1457    107927    113394
    1458    107942    113369
    1459    107912    113347
    1460    107941    113386
    1461    107957    113404
    1462    107943    113382
    1463    107942    113357
    1464    107987    113380
    1465    107978    113386
    1466    107990    113392
    1467    108013    113412
    1468    107996    113436
    1469    108017    113431
    1470    108038    113407
    1471    108064    113460
    1472    108056    113459
    1473    108074    113499
    1474    108100    113508
    1475    108062    113502
    1476    108096    113511
    1477    108076    113534
    1478    108120    113543
    1479    108085    113505
    1480    108056    113481
    1481    108083    113492
    1482    108094    113513
    1483    108114    113527
    1484    108141    113543
    1485    108167    113618
    1486    108195    113612
    1487    108158    113599
    1488    108132    113552
    1489    108138    113533
    1490    108153    113550
    1491    108142    113553
    1492    108189    113609
    1493    108218    113660
    1494    108242    113668
    1495    108230    113682
    1496    108207    113643
    1497    108184    113639
    1498    108192    113604
    1499    108171    113594
    1500    108175    113594
    1501    108200    113609
    1502    108163    113593
    1503    108141    113606
    1504    108164    113568
    1505    108175    113553
    1506    108215    113619
    1507    108184    113633
    1508    108154    113594
    1509    108138    113554
    1510    108163    113553
    1511    108165    113586
    1512    108179    113604
    1513    108204    113651
    1514    108183    113647
    1515    108191    113646
    1516    108204    113625
    1517    108211    113685
    1518    108230    113687
    1519    108224    113667
    1520    108232    113685
    1521    108249    113701
    1522    108263    113681
    1523    108319    113736
    1524    108285    113711
    1525    108307    113720
    1526    108273    113691
    1527    108279    113710
    1528    108333    113794
    1529    108386    113800
    1530    108385    113792
    1531    108380    113799
    1532    108388    113826
    1533    108447    113856
    1534    108482    113895
    1535    108476    113912
    1536    108435    113876
    1537    108477    113892
    1538    108420    113868
    1539    108459    113897
    1540    108535    113951
    1541    108539    113961
    1542    108547    114006
    1543    108516    113978
    1544    108551    113957
    1545    108554    114001
    1546    108577    114041
    1547    108590    114022
    1548    108570    114000
    1549    108581    114004
    1550    108587    114033
    1551    108577    114019
    1552    108605    114030
    1553    108625    114075
    1554    108613    114054
    1555    108585    114045
    1556    108621    114075
    1557    108617    114067
    1558    108628    114080
    1559    108633    114066
    1560    108654    114081
    1561    108645    114074
    1562    108670    114119
    1563    108702    114121
    1564    108711    114160
    1565    108709    114123
    1566    108732    114141
    1567    108741    114175
    1568    108710    114135
    1569    108747    114129
    1570    108681    114130
    1571    108704    114146
    1572    108696    114143
    1573    108735    114177
    1574    108729    114143
    1575    108689    114114
    1576    108724    114145
    1577    108729    114195
    1578    108761    114196
    1579    108764    114192
    1580    108759    114205
    1581    108767    114203
    1582    108764    114208
    1583    108739    114152
    1584    108719    114139
    1585    108737    114165
    1586    108718    114134
    1587    108675    114089
    1588    108681    114080
    1589    108672    114098
    1590    108666    114122
    1591    108689    114105
    1592    108641    114090
    1593    108627    114067
    1594    108613    114059
    1595    108642    114097
    1596    108645    114082
    1597    108621    114029
    1598    108584    114028
    1599    108569    114013
    1600    108560    114006
    1601    108604    114030
    1602    108605    114023
    1603    108621    114059
    1604    108608    114055
    1605    108564    113980
    1606    108580    114010
    1607    108614    114051
    1608    108641    114048
    1609    108627    114070
    1610    108625    114047
    1611    108628    114048
    1612    108619    114063
    1613    108635    114042
    1614    108640    114033
    1615    108677    114058
    1616    108640    114056
    1617    108607    114029
    1618    108594    114044
    1619    108558    114002
    1620    108550    113988
    1621    108577    114031
    1622    108591    114052
    1623    108583    114051
    1624    108580    114044
    1625    108563    114044
    1626    108560    114001
    1627    108549    113975
    1628    108526    113952
    1629    108488    113918
    1630    108488    113916
    1631    108487    113921
    1632    108510    113958
    1633    108528    113947
    1634    108510    113956
    1635    108519    113973
    1636    108544    113988
    1637    108537    113984
    1638    108524    113959
    1639    108539    113954
    1640    108531    113948
    1641    108522    113948
    1642    108530    113944
    1643    108569    113983
    1644    108567    114002
    1645    108582    114035
    1646    108581    114049
    1647    108596    114036
    1648    108620    114038
    1649    108671    114111
    1650    108606    114077
    1651    108630    114051
    1652    108638    114072
    1653    108637    114051
    1654    108614    114065
    1655    108579    114028
    1656    108578    114028
    1657    108514    113981
    1658    108515    113946
    1659    108535    113957
    1660    108553    113960
    1661    108536    113957
    1662    108566    113950
    1663    108520    113965
    1664    108539    113978
    1665    108483    113954
    1666    108471    113916
    1667    108451    113930
    1668    108480    113910
    1669    108486    113916
    1670    108435    113881
    1671    108462    113884
    1672    108440    113872
    1673    108440    113871
    1674    108465    113870
    1675    108471    113879
    1676    108437    113874
    1677    108437    113853
    1678    108442    113859
    1679    108443    113873
    1680    108420    113842
    1681    108414    113851
    1682    108404    113845
    1683    108423    113877
    1684    108503    113929
    1685    108517    113970
    1686    108525    113962
    1687    108537    113997
    1688    108496    113949
    1689    108518    113940
    1690    108545    113998
    1691    108508    113956
    1692    108517    113944
    1693    108504    113918
    1694    108494    113895
    1695    108514    113905
    1696    108556    113967
    1697    108568    114007
    1698    108594    114039
    1699    108545    114045
    1700    108535    113958
    1701    108504    113967
    1702    108470    113911
    1703    108509    113941
    1704    108468    113908
    1705    108496    113913
    1706    108502    113968
    1707    108511    113976
    1708    108505    113966
    1709    108513    113953
    1710    108514    113920
    1711    108512    113930
    1712    108503    113933
    1713    108514    113926
    1714    108506    113936
    1715    108512    113954
    1716    108518    113937
    1717    108521    113931
    1718    108561    113972
    1719    108556    114002
    1720    108590    113995
    1721    108568    114001
    1722    108558    114008
    1723    108559    113973
    1724    108544    113963
    1725    108544    113970
    1726    108490    113909
    1727    108484    113919
    1728    108484    113892
    1729    108463    113891
    1730    108470    113906
    1731    108468    113899
    1732    108473    113923
    1733    108447    113877
    1734    108439    113878
    1735    108445    113889
    1736    108383    113847
    1737    108428    113864
    1738    108447    113901
    1739    108446    113888
    1740    108414    113878
    1741    108416    113858
    1742    108359    113834
    1743    108389    113823
    1744    108405    113832
    1745    108381    113787
    1746    108334    113739
    1747    108334    113727
    1748    108348    113766
    1749    108350    113790
    1750    108393    113803
    1751    108409    113826
    1752    108376    113810
    1753    108341    113767
    1754    108284    113716
    1755    108295    113736
    1756    108273    113705
    1757    108272    113705
    1758    108323    113764
    1759    108339    113778
    1760    108330    113732
    1761    108338    113739
    1762    108325    113753
    1763    108273    113718
    1764    108270    113695
    1765    108284    113692
    1766    108291    113708
    1767    108277    113702
    1768    108281    113722
    1769    108249    113725
    1770    108284    113705
    1771    108248    113678
    1772    108249    113680
    1773    108216    113671
    1774    108224    113678
    1775    108199    113651
    1776    108178    113656
    1777    108208    113652
    1778    108159    113607
    1779    108182    113612
    1780    108142    113539
    1781    108153    113587
    1782    108180    113580
    1783    108186    113600
    1784    108179    113610
    1785    108204    113635
    1786    108194    113677
    1787    108183    113625
    1788    108203    113651
    1789    108155    113624
    1790    108139    113601
    1791    108144    113572
    1792    108137    113564
    1793    108144    113579
    1794    108125    113564
    1795    108150    113592
    1796    108140    113570
    1797    108089    113517
    1798    108095    113494
    1799    108102    113541
    1800    108096    113530
    1801    108121    113527
    1802    108124    113555
    1803    108107    113546
    1804    108093    113532
    1805    108122    113535
    1806    108122    113516
    1807    108117    113549
    1808    108153    113578
    1809    108108    113543
    1810    108145    113589
    1811    108123    113572
    1812    108120    113517
    1813    108167    113585
    1814    108159    113597
    1815    108167    113586
    1816    108198    113643
    1817    108225    113665
    1818    108198    113613
    1819    108221    113647
    1820    108250    113695
    1821    108239    113697
    1822    108277    113733
    1823    108239    113671
    1824    108240    113649
    1825    108194    113608
    1826    108208    113616
    1827    108243    113655
    1828    108305    113739
    1829    108325    113756
    1830    108292    113738
    1831    108288    113720
    1832    108306    113743
    1833    108286    113762
    1834    108300    113778
    1835    108321    113779
    1836    108283    113724
    1837    108292    113705
    1838    108341    113747
    1839    108352    113798
    1840    108358    113782
    1841    108359    113838
    1842    108399    113834
    1843    108383    113845
    1844    108399    113828
    1845    108372    113795
    1846    108365    113782
    1847    108382    113808
    1848    108383    113784
    1849    108366    113804
    1850    108383    113791
    1851    108419    113829
    1852    108471    113871
    1853    108494    113916
    1854    108517    113955
    1855    108590    114024
    1856    108590    114022
    1857    108609    113983
    1858    108629    114057
    1859    108648    114110
    1860    108588    114049
    1861    108581    114006
    1862    108602    114050
    1863    108621    114045
    1864    108636    114042
    1865    108613    114085
    1866    108610    114090
    1867    108600    114055
    1868    108570    114006
    1869    108595    114040
    1870    108571    114028
    1871    108618    114064
    1872    108663    114073
    1873    108655    114090
    1874    108612    114061
    1875    108556    113993
    1876    108604    114010
    1877    108606    114014
    1878    108578    113998
    1879    108588    114014
    1880    108565    113998
    1881    108563    113992
    1882    108506    113963
    1883    108499    113937
    1884    108487    113918
    1885    108496    113929
    1886    108485    113899
    1887    108498    113919
    1888    108494    113908
    1889    108494    113902
    1890    108478    113905
    1891    108508    113948
    1892    108476    113907
    1893    108510    113960
    1894    108530    113991
    1895    108549    113991
    1896    108568    113996
    1897    108535    114006
    1898    108536    113986
    1899    108498    113933
    1900    108492    113926
    1901    108557    113977
    1902    108575    113990
    1903    108555    113993
    1904    108567    113981
    1905    108561    113972
    1906    108597    113983
    1907    108585    113991
    1908    108564    113962
    1909    108515    113931
    1910    108555    114007
    1911    108604    114015
    1912    108591    114009
    1913    108576    113984
    1914    108566    113971
    1915    108538    113975
    1916    108524    113961
    1917    108539    114003
    1918    108561    114005
    1919    108546    114007
    1920    108540    113967
    1921    108493    113929
    1922    108490    113909
    1923    108494    113938
    1924    108513    113930
    1925    108498    113898
    1926    108561    113947
    1927    108577    113999
    1928    108569    113985
    1929    108571    113986
    1930    108584    113990
    1931    108552    113991
    1932    108579    114021
    1933    108560    114005
    1934    108541    113985
    1935    108518    113942
    1936    108510    113960
    1937    108464    113914
    1938    108474    113912
    1939    108450    113906
    1940    108458    113918
    1941    108440    113874
    1942    108440    113887
    1943    108437    113886
    1944    108464    113902
    1945    108499    113920
    1946    108515    113951
    1947    108480    113890
    1948    108495    113886
    1949    108530    113934
    1950    108520    113963
    1951    108532    113968
    1952    108483    113929
    1953    108453    113904
    1954    108449    113877
    1955    108426    113862
    1956    108422    113839
    1957    108438    113855
    1958    108434    113872
    1959    108428    113835
    1960    108365    113799
    1961    108379    113806
    1962    108394    113824
    1963    108409    113843
    1964    108396    113810
    1965    108376    113788
    1966    108348    113776
    1967    108314    113716
    1968    108343    113731
    1969    108320    113748
    1970    108288    113754
    1971    108259    113695
    1972    108256    113704
    1973    108268    113692
    1974    108273    113715
    1975    108247    113679
    1976    108192    113625
    1977    108229    113655
    1978    108245    113704
    1979    108278    113713
    1980    108296    113736
    1981    108273    113717
    1982    108269    113678
    1983    108297    113709
    1984    108250    113669
    1985    108290    113690
    1986    108276    113727
    1987    108291    113694
    1988    108250    113658
    1989    108229    113667
    1990    108229    113641
    1991    108181    113618
    1992    108214    113635
    1993    108210    113649
    1994    108170    113604
    1995    108166    113580
    1996    108138    113575
    1997    108154    113586
    1998    108158    113579
    1999    108132    113565
    2000    108157    113592
    2001    108199    113624
